729.48
729.48
61.76
97.31
126.12
151.15
173.65
194.40
213.16
229.51
243.95
256.62
268.72
278.84
287.95
296.25
303.97
311.19
317.88
324.28
330.44
336.43
343.26
349.05
354.80
360.29
365.83
371.16
376.41
381.59
386.71
391.78
399.10
404.17
409.22
414.15
419.18
424.12
429.07
433.99
438.94
443.86
449.91
454.75
459.70
464.69
469.47
474.30
479.18
483.80
488.38
492.98
498.58
503.22
507.82
512.37
516.94
521.99
526.57
531.12
535.67
540.21
545.86
550.47
555.22
560.13
564.94
569.59
574.15
578.65
583.18
587.61
593.12
597.63
602.19
606.71
611.20
615.72
620.23
624.74
629.26
633.77
639.20
643.67
648.11
652.64
657.19
661.81
666.50
671.21
675.96
681.01
687.00
692.22
697.16
701.81
706.34
710.86
715.30
719.75
724.13
728.54

